10400 674536
10400 674536
10400 674532
10400 674524
10400 674532

10400 674524
10400 674528
10400 674532
10400 674532
10400 674536
10400 674536
10400 674532
10400 674524
10400 674532
125000 56496
125000 56488
125000 56488
125000 56484
125000 56484
125000 56488
125000 56492
125000 56484
125000 56484
125000 56484
125000 56480
125000 56488
125000 56488
125000 56492
125000 56488
125000 56488
125000 56496
125000 56488
125000 56488
125000 56488
125000 56488
125000 56484
125000 56488
125000 56492
125000 56488
125000 56484
125000 56484
125000 56480
125000 56484
125000 56488
125000 56496
125000 56488
125000 56488
125000 56488
125000 56484
125000 56488
125000 56484
125000 56488
125000 56484
125000 56488
125000 56492
125000 56484
125000 56484
125000 56484
125000 56484
125000 56484
125000 56488
125000 56492
125000 56488
125000 56488
125000 56484
125000 56488
125000 56484
125000 56488
125000 56488
125000 56484
125000 56488
125000 56488
125000 56484
125000 56488
125000 56484
125000 56480
125000 56488
125000 56484
125000 56492
125000 56488
125000 56488
125000 56484
125000 56488
125000 56484
125000 56488
125000 56496
125000 56484
125000 56488
125000 56492
125000 56484
125000 56484
125000 56484
125000 56488
125000 56484
125000 56488
125000 56492
125000 56488
125000 56484
125000 56488
125000 56484
125000 56488
125000 56484
125000 56492
125000 56488
125000 56488
125000 56492
125000 56488
125000 56488
125000 56488
125000 56488
125000 56488
125000 56484
125000 56492
125000 56484
7800 899276
7800 899280
7800 899272
7800 899272
7800 899272
7800 899272
7800 899272
7800 899276
7800 899280
7800 899272
7800 899272
7800 899272
7800 899268
7800 899272
7800 899272
7800 899276
7800 899272
7800 899276
7800 899280
7800 899272
7800 899272
7800 899276
7800 899280
7800 899276
7800 899276
7800 899280
7800 899272
7800 899276
7800 899276
7800 899268
7800 899276
7800 899272
7800 899276
7800 899272
7800 899272
7800 899276
7800 899264
7800 899272
7800 899272
7800 899280
7800 899272
7800 899276
7800 899272
7800 899264
7800 899272
7800 899272
7800 899276
7800 899272
7800 899272
7800 899268
7800 899264
7800 899276
7800 899272
7800 899280
7800 899272
7800 899268
7800 899280
7800 899272
7800 899272
7800 899276
7800 899280
7800 899272
7800 899272
7800 899276
7800 899272
7800 899272
7800 899272
7800 899268
7800 899268
7800 899272
7800 899280
7800 899268
7800 899268
7800 899268
7800 899268
7800 899268
7800 899272
7800 899276
7800 899272
7800 899272
7800 899272
7800 899264
7800 899272
7800 899268
7800 899276
7800 899272
7800 899272
7800 899272
7800 899268
7800 899268
7800 899272
7800 899276
7800 899272
7800 899268
7800 899272
7800 899264
7800 899268
7800 899272
7800 899276
7800 899268
10400 674532
10400 674536
10400 674536
10400 674528
10400 674524
10400 674528
10400 674528
10400 674528
10400 674528
10400 674536
10400 674528
10400 674524
10400 674528
10400 674528
10400 674528
10400 674528
10400 674532
10400 674528
10400 674524
10400 674524
10400 674528
10400 674528
10400 674532
10400 674532
10400 674528
10400 674524
10400 674528
10400 674528
10400 674528
10400 674528
10400 674532
10400 674528
10400 674524
10400 674528
10400 674528
10400 674528
10400 674528
10400 674536
10400 674528
10400 674520
10400 674532
10400 674524
10400 674524
10400 674532
10400 674532
10400 674528
10400 674520
10400 674528
10400 674528
10400 674528
10400 674528
10400 674536
10400 674524
10400 674520
10400 674528
10400 674524
10400 674528
10400 674536
10400 674532
10400 674528
10400 674520
10400 674528
10400 674528
10400 674528
10400 674536
10400 674532
10400 674528
10400 674520
10400 674532
10400 674524
10400 674528
10400 674532
10400 674532
10400 674528
10400 674524
10400 674528
10400 674528
10400 674528
10400 674532
10400 674532
10400 674532
10400 674524
10400 674528
10400 674528
10400 674528
10400 674536
10400 674532
10400 674528
10400 674520
10400 674524
10400 674528
10400 674528
10400 674532
10400 674532
10400 674528
10400 674524
10400 674528
10400 674524
10400 674532
10400 674532
15600 449784
15600 449792
15600 449784
15600 449784
15600 449788
15600 449784
15600 449788
15600 449788
15600 449784
15600 449792
15600 449788
15600 449784
15600 449780
15600 449784
15600 449788
15600 449788
15600 449784
15600 449792
15600 449784
15600 449784
15600 449780
15600 449788
15600 449792
15600 449780
15600 449784
15600 449784
15600 449784
15600 449784
15600 449784
15600 449788
15600 449792
15600 449784
15600 449784
15600 449780
15600 449788
15600 449792
15600 449788
15600 449784
15600 449788
15600 449784
15600 449784
15600 449788
15600 449788
15600 449788
15600 449784
15600 449784
15600 449780
15600 449784
15600 449788
15600 449784
15600 449784
15600 449792
15600 449784
15600 449788
15600 449788
15600 449788
15600 449792
15600 449788
15600 449784
15600 449780
15600 449784
15600 449792
15600 449788
15600 449784
15600 449792
15600 449784
15600 449788
15600 449780
15600 449780
15600 449788
15600 449784
15600 449788
15600 449784
15600 449784
15600 449784
15600 449784
15600 449784
15600 449788
15600 449784
15600 449784
15600 449776
15600 449788
15600 449788
15600 449788
15600 449784
15600 449792
15600 449788
15600 449788
15600 449776
15600 449784
15600 449792
15600 449784
15600 449784
15600 449784
15600 449784
15600 449788
15600 449784
15600 449784
15600 449792
15600 449788
20800 337412
20800 337412
20800 337408
20800 337420
20800 337412
20800 337412
20800 337420
20800 337416
20800 337416
20800 337416
20800 337416
20800 337412
20800 337412
20800 337412
20800 337412
20800 337416
20800 337408
20800 337412
20800 337412
20800 337416
20800 337420
20800 337416
20800 337412
20800 337420
20800 337412
20800 337416
20800 337416
20800 337412
20800 337416
20800 337416
20800 337408
20800 337416
20800 337412
20800 337412
20800 337420
20800 337416
20800 337412
20800 337420
20800 337416
20800 337412
20800 337420
20800 337412
20800 337416
20800 337412
20800 337404
20800 337412
20800 337416
20800 337408
20800 337420
20800 337412
20800 337416
20800 337420
20800 337412
20800 337412
20800 337420
20800 337416
20800 337412
20800 337416
20800 337412
20800 337412
20800 337416
20800 337404
20800 337420
20800 337416
20800 337412
20800 337416
20800 337416
20800 337412
20800 337420
20800 337412
20800 337416
20800 337412
20800 337412
20800 337416
20800 337412
20800 337408
20800 337420
20800 337416
20800 337412
20800 337420
20800 337412
20800 337416
20800 337416
20800 337416
20800 337416
20800 337412
20800 337412
20800 337412
20800 337412
20800 337408
20800 337416
20800 337416
20800 337412
20800 337420
20800 337416
20800 337412
20800 337420
20800 337416
20800 337412
20800 337412
31250 225040
31250 225044
31250 225036
31250 225044
31250 225040
31250 225044
31250 225044
31250 225044
31250 225044
31250 225048
31250 225052
31250 225040
31250 225044
31250 225036
31250 225040
31250 225044
31250 225044
31250 225044
31250 225044
31250 225044
31250 225048
31250 225048
31250 225044
31250 225044
31250 225040
31250 225040
31250 225040
31250 225040
31250 225040
31250 225044
31250 225044
31250 225048
31250 225048
31250 225040
31250 225044
31250 225036
31250 225044
31250 225044
31250 225040
31250 225040
31250 225040
31250 225044
31250 225048
31250 225048
31250 225040
31250 225044
31250 225040
31250 225044
31250 225044
31250 225044
31250 225040
31250 225044
31250 225040
31250 225048
31250 225044
31250 225044
31250 225036
31250 225044
31250 225040
31250 225044
31250 225040
31250 225040
31250 225044
31250 225052
31250 225048
31250 225048
31250 225040
31250 225036
31250 225044
31250 225044
31250 225044
31250 225044
31250 225044
31250 225044
31250 225052
31250 225048
31250 225048
31250 225040
31250 225036
31250 225040
31250 225044
31250 225044
31250 225044
31250 225044
31250 225040
31250 225048
31250 225048
31250 225044
31250 225044
31250 225036
31250 225044
31250 225040
31250 225040
31250 225044
31250 225044
31250 225044
31250 225052
31250 225048
31250 225040
31250 225044
41700 168860
41700 168864
41700 168864
41700 168864
41700 168856
41700 168860
41700 168856
41700 168856
41700 168856
41700 168856
41700 168856
41700 168856
41700 168856
41700 168860
41700 168856
41700 168856
41700 168856
41700 168860
41700 168856
41700 168856
41700 168860
41700 168856
41700 168856
41700 168860
41700 168852
41700 168852
41700 168864
41700 168864
41700 168860
41700 168864
41700 168864
41700 168856
41700 168860
41700 168852
41700 168860
41700 168856
41700 168856
41700 168860
41700 168856
41700 168856
41700 168860
41700 168856
41700 168860
41700 168860
41700 168856
41700 168860
41700 168856
41700 168856
41700 168856
41700 168860
41700 168852
41700 168852
41700 168848
41700 168864
41700 168864
41700 168864
41700 168864
41700 168860
41700 168860
41700 168856
41700 168856
41700 168856
41700 168856
41700 168860
41700 168856
41700 168856
41700 168856
41700 168860
41700 168856
41700 168860
41700 168856
41700 168856
41700 168856
41700 168860
41700 168852
41700 168860
41700 168856
41700 168848
41700 168848
41700 168852
41700 168864
41700 168864
41700 168864
41700 168860
41700 168864
41700 168852
41700 168860
41700 168856
41700 168856
41700 168856
41700 168856
41700 168856
41700 168860
41700 168856
41700 168856
41700 168860
41700 168856
41700 168856
41700 168856
41700 168856
62500 112676
62500 112680
62500 112672
62500 112672
62500 112672
62500 112672
62500 112676
62500 112672
62500 112672
62500 112672
62500 112672
62500 112672
62500 112672
62500 112668
62500 112672
62500 112668
62500 112672
62500 112668
62500 112672
62500 112672
62500 112672
62500 112672
62500 112672
62500 112672
62500 112668
62500 112672
62500 112672
62500 112672
62500 112672
62500 112672
62500 112668
62500 112672
62500 112672
62500 112676
62500 112672
62500 112672
62500 112672
62500 112668
62500 112672
62500 112672
62500 112672
62500 112672
62500 112672
62500 112668
62500 112672
62500 112672
62500 112672
62500 112668
62500 112680
62500 112668
62500 112672
62500 112672
62500 112672
62500 112672
62500 112676
62500 112672
62500 112672
62500 112672
62500 112668
62500 112676
62500 112680
62500 112672
62500 112672
62500 112672
62500 112668
62500 112672
62500 112668
62500 112672
62500 112672
62500 112672
62500 112672
62500 112672
62500 112668
62500 112676
62500 112672
62500 112672
62500 112672
62500 112672
62500 112672
62500 112672
62500 112672
62500 112672
62500 112668
62500 112672
62500 112672
62500 112672
62500 112672
62500 112668
62500 112672
62500 112672
62500 112672
62500 112668
62500 112672
62500 112672
62500 112672
62500 112668
62500 112672
62500 112668
62500 112668
62500 112672
250000 28388
250000 28396
250000 28396
250000 28392
250000 28404
250000 28396
250000 28392
250000 28388
250000 28392
250000 28396
250000 28392
250000 28396
250000 28400
250000 28392
250000 28388
250000 28392
250000 28392
250000 28388
250000 28392
250000 28400
250000 28396
250000 28388
250000 28396
250000 28396
250000 28392
250000 28396
250000 28400
250000 28396
250000 28388
250000 28396
250000 28392
250000 28392
250000 28392
250000 28400
250000 28392
250000 28392
250000 28392
250000 28392
250000 28392
250000 28392
250000 28400
250000 28392
250000 28396
250000 28392
250000 28392
250000 28396
250000 28392
250000 28400
250000 28392
250000 28392
250000 28392
250000 28396
250000 28392
250000 28392
250000 28396
250000 28400
250000 28392
250000 28392
250000 28392
250000 28392
250000 28392
250000 28396
250000 28400
250000 28392
250000 28388
250000 28392
250000 28392
250000 28396
250000 28400
250000 28400
250000 28396
250000 28388
250000 28396
250000 28392
250000 28392
250000 28396
250000 28400
250000 28396
250000 28384
250000 28388
250000 28392
250000 28396
250000 28396
250000 28396
250000 28392
250000 28388
250000 28392
250000 28392
250000 28392
250000 28392
250000 28400
250000 28396
250000 28388
250000 28396
250000 28392
250000 28392
250000 28396
250000 28400
250000 28392
250000 28388
500000 14348
500000 14344
500000 14348
500000 14344
500000 14344
500000 14348
500000 14348
500000 14344
500000 14348
500000 14348
500000 14344
500000 14348
500000 14348
500000 14348
500000 14344
500000 14352
500000 14348
500000 14348
500000 14348
500000 14344
500000 14344
500000 14348
500000 14352
500000 14348
500000 14348
500000 14344
500000 14348
500000 14348
500000 14348
500000 14352
500000 14344
500000 14348
500000 14348
500000 14348
500000 14348
500000 14348
500000 14352
500000 14348
500000 14348
500000 14348
500000 14348
500000 14348
500000 14344
500000 14356
500000 14348
500000 14348
500000 14348
500000 14344
500000 14344
500000 14348
500000 14352
500000 14348
500000 14344
500000 14348
500000 14348
500000 14348
500000 14348
500000 14356
500000 14348
500000 14344
500000 14348
500000 14348
500000 14348
500000 14344
500000 14352
500000 14344
500000 14344
500000 14348
500000 14348
500000 14348
500000 14344
500000 14356
500000 14348
500000 14348
500000 14344
500000 14344
500000 14344
500000 14348
500000 14352
500000 14348
500000 14344
500000 14348
500000 14348
500000 14344
