7 56
7 57
7 57
7 56
7 57
7 56
7 56
7 56
7 56
7 57
7 56
7 56
7 58
7 57
7 56
7 57
7 56
7 56
7 57
7 56
7 56
7 57
7 57
7 57
7 57
7 56
7 56
7 57
7 56
7 56
7 57
7 56
7 57
7 58
7 56
7 56
7 57
7 56
7 56
7 57
7 56
7 56
7 58
7 57
7 56
7 57
7 56
7 56
7 56
7 56
7 57
7 56
7 57
7 58
7 56
7 56
7 57
7 56
7 56
7 57
7 56
7 56
7 58
7 57
7 56
7 57
7 56
7 56
7 57
7 56
7 56
7 57
7 57
7 57
7 57
7 56
7 56
7 57
7 56
7 56
7 57
7 56
7 56
7 58
7 56
7 56
7 57
7 56
7 56
7 56
7 56
7 57
7 56
7 57
7 57
7 56
7 56
7 57
7 56
7 56
9 205
9 205
9 205
9 205
9 204
9 205
9 205
9 205
9 204
9 204
9 205
9 205
9 205
9 205
9 205
9 203
9 205
9 205
9 205
9 205
9 204
9 205
9 204
9 205
9 205
9 205
9 204
9 205
9 205
9 205
9 205
9 204
9 205
9 205
9 205
9 205
9 204
9 204
9 205
9 205
9 205
9 205
9 204
9 205
9 205
9 205
9 204
9 204
9 205
9 205
9 205
9 205
9 205
9 203
9 205
9 205
9 205
9 205
9 204
9 205
9 204
9 205
9 205
9 205
9 204
9 205
9 205
9 205
9 205
9 204
9 205
9 205
9 205
9 205
9 205
9 204
9 205
9 205
9 205
9 205
9 204
9 205
9 205
9 205
9 204
9 205
9 204
9 205
9 205
9 205
9 205
9 203
9 205
9 205
9 205
9 205
9 205
9 204
9 205
9 205
10 369
10 368
10 369
10 369
10 368
10 369
10 369
10 368
10 369
10 369
10 368
10 368
10 368
10 368
10 368
10 368
10 369
10 368
10 368
10 369
10 368
10 368
10 369
10 368
10 368
10 369
10 368
10 368
10 369
10 369
10 368
10 369
10 369
10 368
10 369
10 369
10 368
10 369
10 369
10 368
10 369
10 369
10 368
10 369
10 369
10 368
10 369
10 368
10 368
10 369
10 368
10 368
10 369
10 368
10 368
10 369
10 368
10 368
10 369
10 368
10 368
10 369
10 368
10 368
10 369
10 368
10 369
10 369
10 368
10 369
10 369
10 368
10 369
10 369
10 368
10 369
10 368
10 368
10 369
10 368
10 369
10 369
10 368
10 369
10 369
10 367
10 369
10 369
10 367
10 369
10 369
10 367
10 369
10 369
10 367
10 369
10 369
10 367
10 369
10 369
