5 56
5 58
5 57
5 56
5 57
5 56
5 56
5 56
5 56
5 57
5 56
5 57
5 58
5 56
5 56
5 57
5 56
5 56
5 57
5 56
5 56
5 58
5 57
5 56
5 57
5 56
5 56
5 57
5 56
5 56
5 57
5 57
5 57
5 57
5 56
5 56
5 57
5 56
5 56
5 57
5 56
5 57
5 58
5 56
5 56
5 57
5 56
5 56
5 56
5 56
5 57
5 57
5 57
5 57
5 56
5 56
5 57
5 56
5 56
5 57
5 56
5 57
5 58
5 56
5 56
5 57
5 56
5 56
5 57
5 56
5 56
5 58
5 57
5 56
5 57
5 56
5 56
5 57
5 56
5 56
5 57
5 57
5 57
5 57
5 56
5 56
5 57
5 56
5 56
5 56
5 56
5 58
5 57
5 56
5 57
5 56
5 56
5 57
5 56
5 56
6 64
6 64
6 64
6 63
6 64
6 63
6 64
6 63
6 65
6 63
6 64
6 63
6 64
6 63
6 64
6 64
6 64
6 63
6 64
6 63
6 64
6 63
6 64
6 63
6 64
6 63
6 64
6 63
6 65
6 63
6 63
6 64
6 63
6 64
6 63
6 65
6 63
6 64
6 63
6 64
6 63
6 64
6 64
6 64
6 63
6 64
6 63
6 64
6 63
6 65
6 63
6 64
6 63
6 64
6 63
6 65
6 63
6 64
6 63
6 64
6 63
6 64
6 64
6 64
6 63
6 64
6 63
6 64
6 63
6 65
6 63
6 64
6 63
6 64
6 63
6 64
6 64
6 64
6 63
6 64
6 63
6 64
6 63
6 64
6 63
6 64
6 63
6 63
6 64
6 64
6 64
6 63
6 64
6 63
6 64
6 63
6 65
6 63
6 64
6 63
7 71
7 70
7 71
7 71
7 70
7 71
7 71
7 71
7 70
7 71
7 71
7 70
7 71
7 71
7 70
7 71
7 71
7 70
7 72
7 71
7 70
7 71
7 71
7 71
7 71
7 71
7 70
7 71
7 72
7 70
7 71
7 71
7 70
7 71
7 71
7 70
7 71
7 71
7 70
7 71
7 71
7 70
7 71
7 71
7 70
7 70
7 71
7 71
7 70
7 71
7 71
7 70
7 71
7 71
7 70
7 71
7 71
7 70
7 71
7 71
7 70
7 71
7 71
7 70
7 72
7 71
7 70
7 71
7 71
7 71
7 71
7 71
7 70
7 71
7 72
7 70
7 71
7 71
7 70
7 71
7 71
7 70
7 71
7 71
7 71
7 70
7 71
7 71
7 70
7 71
7 71
7 70
7 71
7 71
7 70
7 71
7 71
7 70
7 71
7 71
8 78
8 78
8 78
8 78
8 78
8 78
8 78
8 77
8 78
8 78
8 78
8 78
8 78
8 77
8 78
8 78
8 78
8 78
8 78
8 77
8 77
8 78
8 78
8 78
8 78
8 78
8 77
8 78
8 78
8 78
8 78
8 78
8 77
8 79
8 78
8 78
8 78
8 78
8 77
8 78
8 78
8 78
8 78
8 78
8 78
8 77
8 78
8 78
8 78
8 78
8 78
8 77
8 78
8 78
8 78
8 78
8 78
8 77
8 78
8 78
8 78
8 78
8 78
8 78
8 77
8 78
8 78
8 78
8 78
8 78
8 77
8 78
8 78
8 78
8 78
8 78
8 77
8 77
8 78
8 78
8 78
8 78
8 78
8 77
8 78
8 78
8 78
8 78
8 78
8 77
8 78
8 78
8 78
8 78
8 78
8 77
8 78
8 78
8 78
8 79
