70736
7 70732
7 70732
7 70736
7 70736
7 70736
7 70732
7 70732
7 70732
7 70736
7 70732
7 70732
7 70732
5 56488
5 56492
5 56500
5 56496
5 56496
5 56496
5 56492
5 56492
5 56496
5 56496
5 56496
5 56492
5 56496
5 56496
5 56496
5 56496
5 56504
5 56496
5 56504
5 56488
5 56492
5 56496
5 56492
5 56496
5 56496
5 56496
5 56492
5 56496
5 56496
5 56496
5 56492
5 56496
5 56492
5 56496
5 56496
5 56500
5 56504
5 56504
5 56496
5 56488
5 56492
5 56492
5 56496
5 56496
5 56496
5 56496
5 56496
5 56492
5 56492
5 56496
5 56496
5 56492
5 56492
5 56492
5 56496
5 56500
5 56500
5 56500
5 56492
5 56488
5 56496
5 56496
5 56496
5 56492
5 56496
5 56496
5 56496
5 56496
5 56492
5 56492
5 56492
5 56492
5 56492
5 56496
5 56496
5 56500
5 56496
5 56500
5 56488
5 56488
5 56496
5 56496
5 56496
5 56492
5 56492
5 56496
5 56496
5 56496
5 56496
5 56500
5 56496
5 56496
5 56496
5 56492
5 56500
5 56500
5 56504
5 56496
5 56484
5 56496
6 63616
6 63616
6 63616
6 63612
6 63616
6 63612
6 63616
6 63612
6 63612
6 63616
6 63612
6 63616
6 63616
6 63616
6 63612
6 63612
6 63616
6 63616
6 63612
6 63616
6 63616
6 63612
6 63612
6 63612
6 63612
6 63616
6 63612
6 63616
6 63612
6 63612
6 63616
6 63616
6 63616
6 63612
6 63612
6 63612
6 63616
6 63612
6 63616
6 63612
6 63612
6 63616
6 63616
6 63612
6 63616
6 63616
6 63616
6 63612
6 63616
6 63616
6 63612
6 63612
6 63616
6 63612
6 63612
6 63612
6 63612
6 63616
6 63612
6 63616
6 63616
6 63616
6 63616
6 63612
6 63616
6 63616
6 63612
6 63612
6 63612
6 63612
6 63612
6 63612
6 63616
6 63612
6 63616
6 63616
6 63616
6 63616
6 63616
6 63612
6 63612
6 63612
6 63616
6 63616
6 63612
6 63612
6 63612
6 63612
6 63612
6 63616
6 63616
6 63612
6 63612
6 63616
6 63616
6 63616
6 63612
6 63616
6 63616
6 63616
7 70732
7 70732
7 70732
7 70732
7 70732
7 70732
7 70736
7 70736
7 70736
7 70732
7 70732
7 70732
7 70732
7 70732
7 70736
7 70732
7 70740
7 70732
7 70744
7 70740
7 70736
7 70736
7 70732
7 70732
7 70736
7 70732
7 70736
7 70732
7 70732
7 70736
7 70736
7 70736
7 70736
7 70736
7 70736
7 70732
7 70732
7 70732
7 70732
7 70744
7 70732
7 70736
7 70740
7 70740
7 70732
7 70732
7 70732
7 70732
7 70732
7 70736
7 70732
7 70732
7 70732
7 70732
7 70736
7 70732
7 70732
7 70736
7 70736
7 70736
7 70732
7 70736
7 70744
7 70736
7 70736
7 70740
7 70740
7 70732
7 70736
7 70736
7 70736
7 70732
7 70736
7 70736
7 70732
7 70736
7 70732
7 70736
7 70732
7 70736
7 70732
7 70732
7 70732
7 70732
7 70736
7 70732
7 70732
7 70732
7 70740
7 70740
7 70732
7 70732
7 70732
7 70732
7 70732
7 70732
7 70732
7 70732
7 70736
7 70736
8 77856
8 77852
8 77852
8 77852
8 77852
8 77860
8 77860
8 77852
8 77852
8 77856
8 77852
8 77852
8 77852
8 77852
8 77852
8 77852
8 77860
8 77860
8 77852
8 77856
8 77856
8 77852
8 77856
8 77856
8 77852
8 77852
8 77856
8 77860
8 77856
8 77852
8 77852
8 77852
8 77856
8 77856
8 77852
8 77856
8 77852
8 77852
8 77864
8 77856
8 77852
8 77852
8 77856
8 77856
8 77856
8 77848
8 77852
8 77852
8 77856
8 77860
8 77856
8 77852
8 77856
8 77852
8 77852
8 77848
8 77852
8 77852
8 77856
8 77856
8 77860
8 77852
8 77852
8 77852
8 77852
8 77852
8 77852
8 77852
8 77852
8 77852
8 77856
8 77860
8 77852
8 77856
8 77856
8 77848
8 77856
8 77856
8 77856
8 77852
8 77852
8 77852
8 77860
8 77852
8 77852
8 77852
8 77852
