1 107356
51 107360
51 107356
51 107352
51 107356
51 107344
17 56508
17 56500
17 56500
17 56504
17 56504
17 56500
17 56500
17 56500
17 56508
17 56496
17 56500
17 56504
17 56496
17 56500
17 56504
17 56500
17 56508
17 56508
17 56504
17 56504
17 56504
17 56500
17 56500
17 56504
17 56512
17 56508
17 56500
17 56504
17 56500
17 56500
17 56500
17 56500
17 56504
17 56508
17 56504
17 56500
17 56500
17 56500
17 56500
17 56500
17 56500
17 56508
17 56508
17 56492
17 56504
17 56500
17 56500
17 56500
17 56500
17 56500
17 56508
17 56500
17 56496
17 56500
17 56504
17 56500
17 56500
17 56500
17 56508
17 56508
17 56496
17 56500
17 56500
17 56500
17 56500
17 56500
17 56500
17 56508
17 56504
17 56504
17 56500
17 56504
17 56500
17 56500
17 56504
17 56508
17 56508
17 56496
17 56500
17 56500
17 56500
17 56500
17 56500
17 56504
17 56512
17 56504
17 56500
17 56500
17 56504
17 56504
17 56500
17 56504
17 56504
17 56508
17 56500
17 56500
17 56500
17 56500
17 56500
17 56504
34 81932
34 81940
34 81928
34 81932
34 81932
34 81932
34 81928
34 81932
34 81936
34 81932
34 81932
34 81932
34 81928
34 81932
34 81932
34 81928
34 81932
34 81936
34 81932
34 81928
34 81932
34 81932
34 81932
34 81928
34 81932
34 81928
34 81932
34 81932
34 81932
34 81932
34 81932
34 81928
34 81936
34 81932
34 81932
34 81928
34 81932
34 81932
34 81932
34 81928
34 81940
34 81928
34 81928
34 81932
34 81932
34 81932
34 81932
34 81932
34 81932
34 81932
34 81932
34 81932
34 81928
34 81932
34 81932
34 81932
34 81936
34 81932
34 81932
34 81932
34 81928
34 81932
34 81928
34 81932
34 81932
34 81932
34 81928
34 81932
34 81932
34 81932
34 81932
34 81940
34 81928
34 81932
34 81932
34 81928
34 81932
34 81932
34 81932
34 81940
34 81932
34 81932
34 81928
34 81932
34 81932
34 81932
34 81932
34 81936
34 81932
34 81932
34 81932
34 81928
34 81932
34 81932
34 81932
34 81928
34 81932
34 81932
34 81928
34 81928
51 107352
51 107356
51 107348
51 107352
51 107352
51 107356
51 107344
51 107360
51 107352
51 107352
51 107352
51 107352
51 107352
51 107360
51 107352
51 107352
51 107352
51 107352
51 107360
51 107360
51 107352
51 107352
51 107356
51 107348
51 107356
51 107352
51 107352
51 107352
51 107352
51 107348
51 107360
51 107348
51 107352
51 107352
51 107356
51 107348
51 107360
51 107352
51 107352
51 107352
51 107344
51 107356
51 107356
51 107352
51 107352
51 107352
51 107352
51 107356
51 107348
51 107352
51 107352
51 107352
51 107352
51 107360
51 107348
51 107352
51 107352
51 107348
51 107360
51 107352
51 107356
51 107352
51 107352
51 107340
51 107356
51 107356
51 107352
51 107352
51 107352
51 107352
51 107356
51 107352
51 107352
51 107352
51 107352
51 107360
51 107356
51 107356
51 107352
51 107356
51 107344
51 107360
51 107348
51 107348
51 107356
51 107352
51 107352
51 107356
51 107352
51 107352
51 107352
51 107352
51 107352
51 107356
51 107352
51 107352
51 107352
51 107348
51 107360
51 107352
68 132780
68 132780
68 132784
68 132784
68 132788
68 132784
68 132780
68 132776
68 132780
68 132788
68 132784
68 132780
68 132780
68 132784
68 132788
68 132784
68 132780
68 132780
68 132776
68 132784
68 132784
68 132780
68 132784
68 132776
68 132784
68 132788
68 132780
68 132780
68 132780
68 132784
68 132780
68 132784
68 132780
68 132784
68 132776
68 132780
68 132788
68 132780
68 132780
68 132784
68 132780
68 132784
68 132780
68 132780
68 132780
68 132784
68 132780
68 132788
68 132780
68 132784
68 132772
68 132784
68 132788
68 132780
68 132780
68 132780
68 132780
68 132788
68 132780
68 132780
68 132780
68 132776
68 132780
68 132792
68 132784
68 132780
68 132776
68 132776
68 132788
68 132780
68 132784
68 132780
68 132780
68 132780
68 132788
68 132780
68 132780
68 132772
68 132784
68 132788
68 132780
68 132780
68 132784
68 132780
68 132784
68 132780
68 132780
68 132776
68 132784
68 132780
68 132788
68 132780
68 132780
68 132772
